1.14e+06
2.7e-11
0.35
0.35
0.3
6.6e+06
0
0
7.04846e-14
0.520127 6.13443 5.4413 4.94023 4.89369 5.21299 5.51017 6.24581 0.735251 0.92399 1.02207 1.00377 0.939359 0.838584 0.973054 1.24128 1.30376 1.42387 1.46346 1.58128 1.74612 2.05933 2.06977 2.11622 2.00494 1.97875 1.85713 1.58232 1.35775 1.08057 0.0907645 6.24573 6.24112 0.126428 0.0988767 0.0181921 5.9982 5.63126 5.23428 4.99817 4.61174 4.18472 3.2086 2.02377 1.65234 1.35749 1.29341 1.24615 1.24689 0.96742 
0.754796 0.409158 5.74172 4.64571 4.56744 4.95207 5.48457 0.0143381 0.786589 1.23648 1.30627 1.41311 1.27535 1.18421 1.04668 1.12884 1.0955 1.23532 1.23947 1.55572 1.91456 2.34202 2.54263 2.34199 1.58683 1.35722 1.22237 1.30891 1.33491 1.26274 1.04127 0.940062 0.775309 0.929698 0.823962 0.369687 6.1308 5.70484 5.21809 4.96883 4.75776 4.44316 2.60534 2.03869 1.68272 1.55219 1.45285 1.32303 1.28265 0.966409 
1.07381 1.31161 1.87432 3.52738 4.21333 4.92832 5.7729 0.171658 0.818142 1.29297 1.49142 1.60878 1.43567 1.28986 1.26877 1.19677 1.23593 1.22921 1.34228 1.70581 2.49992 3.09445 3.49246 4.16269 5.64872 0.0803704 0.645883 1.11658 1.52423 1.63069 1.66914 1.69089 1.62121 1.55112 1.18437 0.388204 0.013387 5.70153 5.17882 5.00702 5.27082 5.81262 1.39325 1.67688 1.71275 1.60368 1.57396 1.38255 1.3924 1.26332 
1.51594 1.71999 2.15207 2.84668 3.58803 5.49637 0.0226687 0.472985 1.14333 1.49162 1.49535 1.56859 1.46619 1.38302 1.40523 1.34876 1.47481 1.4343 1.25102 1.72741 3.24907 3.90568 4.2894 4.65006 5.32401 5.75721 0.0335165 0.769793 1.85708 2.17153 2.30889 2.26736 2.35703 1.89492 1.44846 0.72241 0.216962 5.88297 5.49422 5.27041 5.88917 0.218754 1.19772 1.50474 1.5679 1.61925 1.70847 1.50562 1.44963 1.40765 
1.56442 1.81255 2.06315 2.24773 2.08414 1.21007 0.96093 1.22536 1.40583 1.65658 1.60428 1.46124 1.37394 1.43673 1.52431 1.67407 1.74274 1.58923 0.0132942 5.14012 4.32633 4.37164 4.8624 4.90831 5.1601 5.2011 5.15752 4.59215 3.63962 3.34864 3.25184 3.23847 2.70278 2.41556 1.53419 0.926432 0.423831 6.12756 5.94619 6.11971 6.20913 0.691917 1.12072 1.38882 1.53473 1.60451 1.58701 1.43548 1.39309 1.28937 
1.66744 1.8988 1.99432 2.00907 1.96314 1.77577 1.70206 1.88828 1.99167 1.91332 1.80819 1.4698 1.37365 1.40035 1.46283 1.82986 2.38496 3.32789 4.53765 4.66747 4.59557 4.76331 4.77103 4.76777 4.76087 4.84239 4.62383 4.43548 4.02657 3.93915 3.96094 3.94384 3.79785 3.32135 1.27999 0.876021 0.363675 6.16968 0.0581074 0.127737 0.689378 1.019 1.31096 1.38449 1.54555 1.58684 1.52269 1.31237 1.34808 1.37114 
1.50071 1.71896 1.90645 1.89008 2.30936 2.49682 2.53563 2.58823 2.54965 2.405 2.15886 1.64507 1.26874 1.25586 1.2723 1.55113 3.2761 3.9475 4.35022 4.33521 4.53377 4.51189 4.64797 4.64288 4.47778 4.2773 4.20601 4.16412 4.15921 4.23262 4.44994 4.60318 4.80619 5.34912 0.487199 0.54908 0.372113 0.432875 0.605458 0.744467 1.06875 1.241 1.48171 1.35973 1.4886 1.57415 1.48629 1.36241 1.30317 1.25515 
1.45564 1.60067 1.73968 1.86919 2.96688 3.38517 3.33454 3.50171 3.40757 3.16164 2.72163 1.20524 0.87976 0.689203 0.498268 0.150436 5.01477 4.77754 4.61914 4.53812 4.4817 4.36498 4.33236 4.11225 4.21354 4.19105 4.06777 3.86763 4.25505 4.51476 4.8926 5.22998 5.50295 5.96164 0.397412 0.726065 0.706295 0.9475 1.48373 1.57665 1.50128 1.30298 1.37598 1.47595 1.65207 1.66183 1.6225 1.42103 1.22383 1.43255 
1.02978 0.985292 1.00819 1.16747 3.96262 4.10511 4.12902 4.35658 4.13731 4.0738 4.57007 0.151637 0.332607 0.613781 0.249463 6.25925 5.48705 5.13076 4.93105 4.51748 4.57313 4.25359 4.07296 4.01514 3.73806 3.83784 3.82686 3.72386 4.0166 4.64306 5.07246 5.61259 6.04181 0.188803 0.768425 0.92806 0.899217 1.15659 1.50331 1.60637 1.49481 1.45345 1.31514 1.35792 1.71209 1.92621 1.8393 1.07628 0.803996 1.02381 
5.94146 6.24776 0.0618156 6.09534 5.02898 4.74523 4.60866 4.48331 4.29664 4.27839 4.43445 0.416564 0.457004 0.473089 0.408721 0.187134 5.74969 5.31928 5.02354 4.80863 4.52 4.16837 3.93457 3.83696 3.47038 2.88892 2.78215 2.99088 3.51944 4.94273 5.40251 5.85008 0.165995 0.499082 0.775179 1.01939 1.00012 1.06703 1.34002 1.48599 1.61386 1.4655 1.41104 1.67109 1.93409 2.53077 3.13795 4.42524 5.24402 5.78193 
5.28059 5.82548 5.93106 5.82503 5.34812 5.1247 5.01593 4.6972 4.2862 3.97427 3.55299 1.58069 1.04096 0.882872 0.682533 0.473005 5.99187 5.36006 4.96346 4.81395 4.5512 4.42579 4.09204 3.774 3.44618 2.87906 2.84001 2.41913 1.98948 0.257072 6.20571 6.21526 0.523821 0.527628 0.839657 0.973653 1.18372 1.15465 1.34865 1.41014 1.60482 1.58865 1.68189 1.84122 2.21849 3.00079 3.50495 4.43048 4.62347 4.83136 
4.71442 6.04919 6.28101 6.00514 5.55562 5.20857 4.9042 4.7694 4.22323 3.66489 2.99642 1.94878 1.39734 1.11608 0.991458 0.505065 6.23104 5.44538 5.2785 5.05252 4.92591 4.85176 4.34504 3.58852 3.09958 2.9889 2.36164 2.10005 1.60194 0.617712 0.162131 6.16122 6.18841 0.0511601 0.358655 0.522025 0.82808 0.917051 1.1034 1.29287 1.42879 1.50355 1.44821 1.92382 2.53423 3.0698 3.71469 4.11559 4.26584 4.25239 
3.14587 1.20572 0.856236 0.183053 5.815 5.10617 4.97528 4.72802 4.1759 3.69536 2.72329 2.07083 1.59987 1.32949 1.21795 0.934923 0.411268 6.10037 5.73947 5.50039 5.68042 6.04515 0.965017 1.97326 2.35189 2.44838 2.09866 1.73334 1.24076 0.493343 6.17383 5.75118 5.71753 5.74359 5.9239 6.26158 0.258836 0.524732 0.669338 1.01681 1.17943 1.31621 1.28036 1.63433 2.45644 3.37675 3.81699 3.75641 3.69579 3.55073 
2.89329 1.65901 1.06866 0.324126 5.92306 5.17485 4.78633 4.6333 4.06555 3.61084 2.82849 2.32221 1.82516 1.63232 1.41088 1.18202 0.665527 0.213456 6.10399 5.97092 6.1159 0.32615 0.971561 1.449 1.79639 1.86957 1.72797 1.49434 1.08018 0.127849 5.76415 5.3023 5.14953 5.23212 5.66357 5.78713 5.98702 6.27334 0.297609 0.678609 1.00413 1.09445 1.33188 1.6199 2.18408 3.14683 3.69015 3.53826 3.27355 3.23739 
2.74139 1.91595 1.19329 0.310865 5.93843 5.23587 4.80463 4.58698 4.25469 3.81375 3.26689 2.69723 2.19376 1.80499 1.58483 1.51272 0.963357 0.634629 0.396316 0.143322 0.268883 0.464097 0.852248 1.11608 1.42471 1.5727 1.25575 1.18807 0.661814 6.11618 5.31588 5.1239 4.91555 4.816 5.04787 5.25474 5.44366 5.74875 6.14355 0.306691 0.694368 0.643519 1.45384 1.61528 2.28314 3.06785 3.64213 3.83959 3.41055 3.23413 
2.91019 2.1769 1.36736 0.47278 6.13275 5.20588 4.6813 4.57028 4.37729 3.94127 3.50542 3.08543 2.43229 1.85277 1.60483 1.46153 1.2309 0.878557 0.668492 0.48989 0.505356 0.621741 0.797264 0.985093 1.16212 1.05723 1.02303 0.919113 0.375121 5.62507 5.28073 4.72347 4.91357 4.76805 5.0064 5.13269 5.26284 5.52337 5.77143 0.0232705 0.508345 0.774103 1.2827 1.6832 2.36747 3.1946 3.732 3.78967 3.5987 3.41401 
3.27976 2.43488 1.5448 0.642147 6.06219 5.29343 4.72567 4.51361 4.46246 4.22166 3.74759 3.26643 2.45312 1.8495 1.60871 1.36478 1.31783 0.995207 1.01822 0.91555 0.60853 0.760398 0.890049 0.652369 0.691971 0.648691 0.656427 0.463231 6.12615 5.66319 5.3279 5.15319 5.32272 4.94649 5.06535 5.18798 5.18124 5.28005 5.707 6.00603 0.194556 0.693376 1.04549 1.46502 2.37808 2.95551 3.44356 3.76292 3.70827 3.76791 
3.25786 2.56886 1.71514 0.747246 6.0903 5.05242 4.62069 4.42332 4.37162 4.16659 3.82234 3.31061 2.49055 1.7063 1.64781 1.39683 1.22969 1.0302 1.32722 1.37291 1.19271 1.02774 0.748291 0.667509 0.789568 0.551291 0.450745 0.31061 6.17276 6.18796 5.8408 5.93297 6.02018 5.85371 5.79537 5.6728 5.48757 5.46243 5.68039 5.91293 6.16467 0.461395 1.0825 1.59372 2.23812 2.89494 3.3942 3.85999 3.89398 3.72356 
3.41353 2.74265 1.99281 0.749015 5.90791 5.03233 4.73255 4.61848 4.46855 4.24509 4.04336 3.56334 2.3454 1.7762 1.44245 1.27298 1.07664 1.06949 1.22551 1.42423 1.26329 1.29535 0.914497 0.863213 0.87367 0.772877 0.54525 0.429425 0.246973 0.18766 0.212767 0.196938 0.340966 0.293463 0.0906823 6.13985 6.00233 5.8745 5.83973 6.0021 6.13146 0.635734 1.27919 1.78579 2.31608 2.92435 3.33793 3.75365 3.8778 3.89085 
3.69017 3.92498 4.52518 5.68326 5.48464 5.18435 4.83141 4.68755 4.57067 4.42563 4.3801 3.81445 2.44897 1.68401 1.41549 1.18225 0.932203 0.583219 0.822759 1.39361 1.34567 1.22049 0.954725 0.924647 0.762841 0.843153 0.740601 0.697047 0.552522 0.633515 0.580043 0.928047 0.907027 0.76764 0.692724 0.441068 0.256852 0.0645361 0.0825397 0.216606 0.480983 0.956443 1.60736 1.99236 2.44005 2.8971 3.59867 3.83599 3.97899 3.97284 
4.20759 4.21046 4.61892 5.24968 5.60054 5.16077 4.89974 4.54565 4.58098 4.52286 4.54028 3.59378 2.83438 1.90712 1.46821 0.918761 0.205504 0.256739 5.87779 0.618005 1.06715 1.3214 1.00382 1.02734 0.893776 0.997652 0.99803 0.95018 0.939148 0.939616 0.99601 1.18763 1.15095 1.0957 0.964937 0.760946 0.667594 0.36154 0.54452 0.631448 0.931049 1.3797 1.94534 2.26483 2.60965 3.22193 3.70648 4.00389 4.18884 4.26886 
4.57213 4.6644 4.95825 5.06729 5.31069 5.05867 5.06146 4.79101 4.76872 4.81074 4.4347 3.90416 3.17295 2.21682 1.57165 0.920043 0.289448 0.203374 6.22648 0.342147 0.818354 1.04775 1.05549 0.934922 0.979373 1.09673 1.11576 1.14211 1.2303 1.20044 1.36599 1.45726 1.48648 1.43418 1.16036 0.902066 0.718791 0.4834 0.748091 0.907334 1.22388 1.62513 1.98685 2.4631 2.75809 3.56198 3.94011 4.08543 4.20924 4.31415 
4.79245 4.85463 5.2589 5.33116 5.48163 5.66234 5.16646 5.05815 5.05982 4.89895 4.4887 3.99783 3.39581 2.60515 1.76649 0.975943 0.292719 5.90529 5.89866 6.22494 0.663862 0.790459 0.813222 0.866677 0.957541 1.18509 1.25224 1.30227 1.45652 1.52843 1.70086 1.59992 1.58205 1.31817 1.19023 0.896168 0.951186 0.879771 0.977928 1.18653 1.50687 1.80691 2.4576 2.63684 2.9861 3.45421 3.93765 4.0971 4.34698 4.48688 
4.48355 4.56852 5.15227 5.92391 5.94709 6.06591 5.51376 5.37017 5.31473 5.13688 4.5333 4.09985 3.60276 3.00031 2.05546 0.987676 0.222008 5.9507 5.62365 5.6281 0.188485 0.633317 0.575854 0.665114 0.686544 0.784687 0.844166 1.14272 1.85958 2.05077 1.98374 1.72577 1.53436 1.30349 1.29876 1.15157 1.07832 1.16146 1.21294 1.25111 1.61455 1.91494 2.24775 2.5897 2.89168 3.30847 3.75882 4.08496 4.30166 4.45313 
4.01617 3.53021 2.22452 1.23477 0.736591 0.315857 6.03854 5.88187 5.88075 5.45274 4.15539 3.93828 3.60037 3.27128 2.77936 0.496244 6.2451 5.97006 5.80222 5.91536 0.0654128 0.398127 0.507153 0.405079 0.380627 0.166895 5.94628 5.39131 3.43957 2.71158 2.35072 1.90116 1.4039 1.42787 1.3621 1.27575 1.23811 1.256 1.38977 1.41198 1.73339 1.9941 2.22332 2.45298 2.79559 3.31034 3.77062 4.03625 4.19064 4.10028 
3.91984 3.32997 2.3259 1.50449 1.13652 0.809904 0.503748 0.399734 0.636066 1.12177 2.52448 3.54009 3.67536 3.95139 4.41256 5.6325 5.89517 5.83348 5.84934 6.00767 6.2085 0.169849 0.393183 0.282956 0.132461 5.98441 5.41333 4.88787 4.12646 3.64364 2.87982 1.77923 1.27691 1.38147 1.48334 1.29988 1.37024 1.31763 1.4723 1.67226 1.771 1.97986 2.37444 2.46993 2.86769 3.24271 3.71725 4.02691 4.29005 4.15796 
4.01526 3.47129 2.59264 2.00656 1.42845 1.24308 0.97254 1.05865 1.12541 1.42811 1.94377 3.55304 4.09731 4.4796 4.55021 5.45704 5.90469 5.83983 5.9322 6.14905 6.13659 0.00800754 0.146182 0.188177 0.0176127 5.90682 5.30789 4.92447 4.49827 4.2564 3.20389 1.69807 1.52842 1.103 1.32826 1.3596 1.31961 1.20571 1.38933 1.4928 1.63721 1.86501 2.33822 2.76087 3.06219 3.29218 3.84114 4.3154 4.37062 4.30285 
4.334 3.83007 3.03309 2.47023 1.74925 1.37542 1.25431 1.3038 1.2945 1.34272 1.05689 6.03009 5.41683 5.3031 5.53291 5.79245 6.04467 6.08092 6.06956 6.04048 6.1104 6.23526 0.101355 0.237979 0.0607634 5.88164 4.97191 4.6303 4.40134 4.12955 3.1292 1.47921 1.45372 1.11552 1.29927 1.33504 1.07971 1.10793 1.07253 1.07775 1.3698 1.63221 2.60569 3.10629 3.4188 3.74391 4.06064 4.32756 4.66802 4.53617 
4.73203 4.30663 3.81154 3.11788 1.76026 1.5341 1.35494 1.18611 1.09999 0.924379 0.652187 0.297274 6.25385 0.0102676 6.22924 0.250533 0.229848 0.154342 0.231689 6.21667 6.02692 6.05056 0.00667473 0.234668 0.209616 6.16368 4.60559 4.32945 3.90831 3.60501 2.41374 1.92886 1.40131 1.53942 1.42345 1.18421 1.08442 0.943418 0.790674 0.572712 0.722913 0.985457 3.52459 3.73369 4.11615 4.1128 4.39945 4.55814 4.90406 4.77174 
4.88801 4.7364 4.39513 4.34871 0.896787 1.24176 1.20127 1.00142 0.903738 0.72814 0.784959 0.933453 0.954266 0.759189 0.807513 0.750084 0.671321 0.420516 0.124125 5.9945 5.81921 5.85096 6.17624 0.384429 0.837963 1.08737 2.76074 3.19822 3.20801 2.80746 2.29189 1.98689 1.74373 1.76654 1.67375 1.28865 1.07807 0.581821 0.269029 6.21405 6.01938 5.73926 4.69256 4.51374 4.55876 4.55835 4.64749 4.9581 5.07407 5.24054 
4.82408 4.64389 4.58294 4.92695 6.11442 0.431736 0.609329 0.583655 0.612146 0.534303 0.773243 1.15042 1.75242 1.81888 1.71066 1.27849 0.668129 0.176188 6.11466 5.68298 5.63221 5.80647 0.0726431 0.538411 1.23165 1.7297 2.29896 2.44922 2.44015 2.35038 2.102 1.93637 1.9202 1.84637 1.60701 1.10491 0.725729 0.09724 5.97698 5.52952 5.36513 5.21439 4.94614 4.81159 4.89428 4.886 4.92316 5.08787 5.03918 4.87636 
4.70586 4.54777 4.46121 4.81029 5.35531 5.85925 6.06179 6.12763 0.00951578 0.165438 0.585334 1.62493 2.0154 2.13475 2.1166 1.70959 0.286276 6.09854 5.46429 5.30991 5.29351 5.74131 0.245015 0.662295 1.13207 1.63849 2.04385 2.16443 2.26081 2.15441 2.10572 2.02655 1.92235 1.89622 1.47153 1.03615 0.504273 6.27166 5.75197 5.21741 4.89479 4.71291 4.77197 4.8575 5.06566 5.17771 5.18052 5.32611 5.36473 4.97007 
4.26124 4.11242 4.11761 4.45346 4.89222 5.2743 5.39915 5.22952 5.46929 5.33884 5.02847 3.69222 2.98826 2.79919 3.03569 3.76874 4.78504 5.02816 4.92872 4.92069 5.2343 5.96421 0.37768 0.775305 1.08232 1.4375 1.89268 1.84424 2.04016 2.17181 1.96855 1.97746 2.07722 1.86362 1.54628 1.12859 0.599966 6.1749 5.59675 5.0215 4.61852 4.36224 4.3757 4.68509 5.36591 5.61248 5.50283 5.42277 5.1997 4.7798 
3.70942 3.28049 3.55136 3.9746 4.51689 5.01025 5.11943 5.10314 5.14616 5.08561 4.8254 4.19481 3.51401 3.18171 3.43997 3.92438 4.37319 4.49397 4.37275 4.23761 4.77206 0.23531 0.722734 0.895228 1.08661 1.20771 1.52373 1.82705 2.00858 1.91705 2.06684 2.15879 2.00631 1.67945 1.40162 0.863003 0.596936 5.97088 5.27727 4.64057 4.13162 3.63573 2.8819 2.04781 1.01262 0.364412 6.22314 5.74021 5.34171 4.45664 
3.12098 2.84806 2.88167 3.58121 4.07231 4.74407 4.73449 4.95725 4.97277 5.0328 4.88568 4.38934 3.72208 3.39018 3.55094 3.76821 4.00103 4.06715 3.9132 3.55391 3.08116 1.38805 1.08596 1.17869 1.16909 1.16815 1.49311 1.75214 2.03379 2.00165 2.27336 2.19466 1.91598 1.62755 1.08203 0.750496 0.290099 5.92813 5.11957 4.5307 4.2674 3.57339 2.83462 2.16654 1.57795 0.997921 0.618773 0.19352 5.90769 3.90887 
2.27821 2.29162 2.2935 3.06371 3.58323 4.25325 4.42903 4.72947 4.99629 5.27307 5.29228 4.64115 3.47541 2.98823 3.10808 3.30177 3.53464 3.53179 3.42931 3.08609 2.50771 1.54659 1.34894 1.21417 1.23172 1.17066 1.42137 1.46822 1.64836 1.98663 2.73739 2.48448 1.70634 0.970948 0.476731 0.154175 5.95929 5.53203 5.10756 4.65336 4.14632 3.68431 3.02877 2.55298 1.91991 1.40315 1.01123 0.748564 0.967252 1.81362 
1.83826 2.06409 2.22941 2.7412 3.34408 3.82646 4.12655 4.72049 5.11323 5.73174 0.091223 0.958801 2.06596 2.32973 2.47343 2.87197 2.98569 2.93973 2.93667 2.68883 2.06946 1.65889 1.50836 1.36591 1.30287 1.24774 1.20015 1.08884 0.661834 5.73972 4.76255 4.62538 5.09564 5.58809 5.69175 5.47544 5.44731 5.32392 5.06065 4.93859 4.26832 3.61364 3.36383 2.8863 2.16102 1.69746 1.27678 0.956042 1.07711 1.48351 
1.61998 1.81738 2.0017 2.40368 2.91686 3.54751 4.37424 4.96528 5.62958 0.215848 0.814192 1.08193 1.60056 1.80592 2.04266 2.21443 2.45378 2.61608 2.7017 2.43758 2.05992 1.72247 1.24933 1.21753 1.22479 1.21707 1.24637 0.743341 0.0858439 5.56359 4.87632 4.81372 5.00091 5.0599 5.00249 5.01304 4.98143 5.2816 5.07441 5.00833 4.62238 4.16725 3.64763 2.98642 2.16554 1.64166 1.1672 0.954999 0.924227 1.18115 
1.50363 1.79369 1.94679 2.38986 2.81923 3.3925 4.03998 5.21452 6.16989 0.661177 1.26972 1.23096 1.46012 1.53618 1.47348 1.67936 2.07604 2.34289 2.4695 2.23724 1.95177 1.9041 1.60101 1.42073 1.35846 1.24222 0.733566 0.238953 5.85325 5.32339 4.95159 4.89683 4.7682 4.74553 4.71482 4.66129 4.47722 4.86566 5.00562 4.9708 4.87067 4.45273 3.92241 3.12882 2.02361 1.58188 1.25248 0.939124 1.03042 1.02839 
1.6476 1.89628 2.20484 2.25351 2.75118 3.2911 3.82652 5.89497 0.331325 0.989354 1.4417 1.28945 1.25152 1.23125 1.44072 1.51295 1.80967 2.20766 2.45493 2.24034 1.92628 1.93705 1.79915 1.62853 1.4619 1.09721 0.505181 6.12911 5.57924 5.00424 4.5876 4.8391 4.80636 4.74663 4.51118 4.16299 4.43913 4.62279 5.02162 5.00041 4.95198 4.71089 4.21774 3.57352 1.75173 1.20394 0.984654 0.929577 1.08714 1.24437 
1.94496 2.14623 2.22985 2.51894 2.81088 3.16438 2.73352 1.31956 1.09318 0.980124 1.20022 1.28737 1.40356 1.397 1.50784 1.69045 1.81957 2.11125 2.00626 2.30015 2.14288 1.82585 1.68777 1.65532 1.58472 1.24041 0.0419299 5.52062 5.23172 4.87429 4.68669 4.69182 4.73013 4.61412 4.45392 3.9225 3.90235 4.39409 5.25757 5.48208 5.40868 5.24298 5.08495 5.7481 0.595859 1.08967 0.870083 0.80043 0.883718 1.3391 
2.6079 2.84751 2.90427 3.0658 3.12265 3.07251 2.25094 1.75441 1.33086 1.3381 1.37196 1.36141 1.51693 1.6284 1.98554 2.14097 1.83701 1.86336 1.57339 1.86761 1.9111 1.99083 2.02669 2.01855 2.06686 1.77002 5.44718 5.05158 4.99548 4.69364 4.54927 4.67019 4.6445 4.53809 4.30924 3.47591 2.70073 1.88843 0.616239 6.27915 5.93253 5.77874 5.76685 6.15969 0.679345 0.789164 0.64873 0.416894 0.79964 1.58622 
3.89772 3.65006 3.67551 3.70565 3.43528 2.97368 2.39016 1.94552 1.55656 1.4578 1.58374 1.52065 1.71276 1.91522 2.29542 2.64819 2.07905 1.33825 1.00307 1.33594 1.61471 1.77017 2.1544 2.49503 2.87499 3.26607 4.37257 4.52161 4.52471 4.49896 4.45593 4.51795 4.69145 4.60477 4.41001 2.78022 1.98179 1.50638 1.01527 0.374479 0.0729373 6.17939 6.12618 0.137612 0.428757 0.583824 0.415576 0.0548675 5.86639 4.79265 
4.66893 4.4914 4.41632 4.32229 3.93392 2.58523 2.0061 1.70436 1.61632 1.44389 1.38455 1.58884 1.71871 1.95262 3.20248 3.97153 4.7485 0.117607 0.589045 0.733794 1.11089 1.63035 1.64597 2.20249 3.47465 3.90834 4.26314 4.38893 4.44548 4.39276 4.40757 4.41281 4.65729 4.73275 4.95062 0.287305 1.07628 1.18803 1.00834 0.508083 0.179298 0.0828641 0.0529454 0.205095 0.299157 0.489748 0.450723 0.0334415 5.69978 5.19914 
4.87085 4.79919 4.85572 4.96309 5.41542 1.09555 1.35806 1.4059 1.29079 1.31984 1.29649 1.28502 1.39517 1.51015 3.84853 4.3227 4.95308 6.27782 0.310587 0.287585 0.648563 0.810917 0.622479 6.25357 4.67399 4.44763 4.37504 4.31633 4.48442 4.38499 4.40469 4.51206 4.59189 4.86699 5.31751 6.19925 0.335858 0.65594 0.450928 0.179543 6.22655 6.10221 6.06361 0.067415 0.17078 0.417505 0.375252 0.0291479 5.68324 5.32936 
4.74852 4.84315 5.23001 5.49759 6.18705 0.575458 0.82959 1.06466 1.09541 0.910484 0.895668 0.834696 0.65548 0.0533324 4.68841 4.65218 4.78865 0.228714 0.375133 0.722784 0.734758 0.672621 0.332718 6.12378 5.10898 4.71762 4.48227 4.30804 4.45582 4.29703 4.36984 4.47342 4.67203 4.92083 5.1662 5.62343 6.03936 6.19832 6.12409 5.79688 5.89276 5.90821 6.01396 0.0652953 0.27487 0.425205 0.414499 0.0895248 5.91932 5.11821 
4.7224 4.73717 5.05494 5.64741 6.02037 0.270806 0.41352 0.545571 0.42391 0.571471 0.489031 0.314378 0.0015865 5.72166 4.86488 4.25675 3.62326 1.5319 1.14032 1.1495 1.0194 0.975691 0.65344 0.0675155 5.11491 4.64836 4.29204 4.24346 4.1356 3.94497 4.32279 4.61429 4.87036 4.96108 5.20602 5.40845 5.61267 5.67477 5.6605 5.54196 5.366 5.46069 5.66037 5.99847 0.106326 0.310427 0.379221 0.242504 0.0278233 5.31868 
5.25543 5.34797 5.07581 5.46456 5.77175 6.01197 6.27041 0.204557 0.22326 0.163095 0.228889 0.177649 6.17697 5.48294 4.91477 3.69094 2.94012 1.93415 1.5201 1.36715 1.22825 1.11187 0.957429 0.528115 4.84247 4.20649 3.91042 3.78349 3.6303 3.82536 4.43813 4.74021 5.02073 5.22053 5.28828 5.33116 5.3957 5.42277 5.39979 5.14412 5.16744 5.2626 5.51673 6.23081 0.19398 0.461377 0.670006 0.641771 0.498361 5.64412 
5.97013 5.40626 5.30121 5.37344 5.40276 5.55591 5.8313 6.24383 0.258268 0.215904 0.36794 0.39168 6.28113 5.95628 5.4865 2.8914 2.38447 1.98864 1.64406 1.52839 1.50411 1.35185 1.44373 1.51753 2.38763 3.02576 3.26874 3.09781 2.95049 3.11277 4.58226 4.89716 5.06247 5.32327 5.56632 5.61709 5.74769 5.53296 5.40446 5.11663 4.83863 4.91019 4.93175 0.252663 0.350417 0.764188 0.719659 0.894448 0.836923 5.87646 
0.210399 5.81089 5.35823 5.20223 5.13866 5.32877 5.63155 6.1383 0.441925 0.581199 0.787734 0.652063 0.444325 0.340478 0.454961 1.32239 1.49562 1.60647 1.64664 1.60519 1.63824 1.62318 1.77215 1.92232 2.08831 2.45837 2.60718 2.14545 1.87826 1.42833 5.87589 5.72232 5.54182 5.78164 5.89311 5.8935 5.77001 5.4815 5.41735 5.1337 4.6366 4.41384 3.93344 1.72047 1.32898 1.25239 1.02401 1.15439 1.24475 1.11881 
