1.14e+06
2.7e-11
0.35
0.35
0.3
6.6e+06
0
2.28e+07
-1.25667e-13
0.126194 0.159739 0.143534 0.099844 0.110613 0.127608 0.168656 0.129475 0.211042 0.201913 0.207362 0.204801 0.183027 0.184217 0.181827 0.211092 0.202361 0.153035 0.149545 0.126759 0.100405 0.126384 0.142406 0.106673 0.0723512 0.077693 0.0584255 0.0276554 0.0215301 6.28101 0.0054361 0.00490997 6.26977 6.27119 6.26104 6.25501 6.25317 6.26799 6.27256 0.00502278 0.0382456 0.0741673 0.0900644 0.0852024 0.119012 0.123962 0.13753 0.13765 0.170484 0.157921 
0.169643 0.15578 0.154242 0.157803 0.128966 0.157211 0.171443 0.148355 0.137533 0.162577 0.19096 0.204584 0.170696 0.201647 0.191703 0.208582 0.134538 0.190232 0.138599 0.125582 0.113142 0.125545 0.108002 0.102172 0.0760602 0.0710243 0.0633262 0.0335453 0.0337433 0.0303245 0.0403837 0.0331053 0.038168 0.0329975 0.0189821 0.0220806 0.0280515 0.0323799 0.0444081 0.0400086 0.0607269 0.114556 0.121873 0.0948115 0.0787697 0.122514 0.162294 0.156988 0.166344 0.132811 
0.129218 0.154284 0.160853 0.143331 0.118492 0.127809 0.130179 0.172589 0.179479 0.230101 0.17497 0.163057 0.18966 0.182671 0.14159 0.204091 0.160783 0.1745 0.134921 0.123515 0.0998232 0.0791379 0.112214 0.0759788 0.0534111 0.0347884 0.0332371 0.0262289 0.0251482 0.0351528 0.0677975 0.0584736 0.0735018 0.071368 0.0639777 0.097356 0.0779446 0.047343 0.0918179 0.0716293 0.0858745 0.101838 0.152567 0.105453 0.140053 0.141337 0.138008 0.148313 0.15302 0.137595 
0.129408 0.152841 0.156631 0.151545 0.11519 0.134431 0.147505 0.131824 0.189296 0.167346 0.160124 0.204307 0.189126 0.213692 0.17941 0.169795 0.139468 0.142524 0.119454 0.0976848 0.0888347 0.0476838 0.0524868 0.0213074 0.00420821 6.28147 6.26324 6.28068 0.00905054 0.0322566 0.0793681 0.0670324 0.0766491 0.0770452 0.0951517 0.121184 0.09812 0.0682837 0.0856126 0.123857 0.160866 0.136879 0.161555 0.15624 0.166931 0.147677 0.126921 0.153165 0.153817 0.162429 
0.168128 0.141487 0.169786 0.162139 0.161019 0.155374 0.179179 0.189386 0.182805 0.217603 0.175344 0.18983 0.19105 0.190037 0.159224 0.199402 0.1497 0.158263 0.137349 0.0863527 0.0595212 0.0258143 6.27876 6.26256 6.2743 6.2337 6.23653 6.26068 6.27033 0.00388118 0.0414808 0.0597756 0.0855812 0.0807395 0.0916586 0.107382 0.104837 0.0883474 0.1318 0.127057 0.112381 0.149273 0.167587 0.15862 0.137797 0.134035 0.136911 0.189576 0.170132 0.178456 
0.162612 0.170854 0.148524 0.144729 0.142993 0.16612 0.191321 0.175045 0.168235 0.158529 0.178309 0.194027 0.165542 0.119417 0.16824 0.160451 0.164062 0.135837 0.104551 0.0677484 0.0359268 0.00180717 6.25275 6.22093 6.24042 6.22307 6.21674 6.23938 6.24017 6.27629 0.021349 0.0459473 0.0962831 0.0956091 0.117002 0.111172 0.117346 0.129048 0.148133 0.190271 0.186658 0.159228 0.160146 0.137455 0.148492 0.160404 0.146307 0.159503 0.210839 0.178359 
0.166751 0.163643 0.156914 0.157843 0.183357 0.153931 0.147746 0.160218 0.162936 0.178834 0.174543 0.168512 0.16415 0.161519 0.131728 0.125565 0.142996 0.11165 0.0843793 0.0540854 0.0255523 6.26964 6.25739 6.20682 6.19661 6.18205 6.23551 6.20417 6.20847 6.27128 0.00911772 0.0497745 0.0998499 0.0979757 0.127808 0.134373 0.170141 0.140076 0.181975 0.167418 0.219266 0.198658 0.158539 0.14508 0.164394 0.165071 0.147168 0.151402 0.149013 0.161896 
0.135784 0.12195 0.119842 0.143566 0.112048 0.185758 0.134829 0.140942 0.17951 0.185597 0.145586 0.139976 0.138994 0.124837 0.100916 0.0952212 0.0829785 0.0994653 0.0649941 0.0401705 0.00597479 6.26007 6.22259 6.22352 6.19627 6.19461 6.2347 6.19298 6.19563 6.24863 0.00367473 0.0411831 0.096194 0.104458 0.13491 0.126931 0.163153 0.171283 0.190905 0.202866 0.207766 0.244512 0.189363 0.176341 0.184026 0.166026 0.151842 0.176125 0.130167 0.140783 
0.112839 0.112467 0.082981 0.109993 0.0665874 0.106757 0.108146 0.0941904 0.135331 0.155748 0.15414 0.150044 0.132162 0.100316 0.101468 0.111122 0.089537 0.0828993 0.0659264 0.0278961 6.27493 6.2487 6.23069 6.22004 6.1973 6.17663 6.17293 6.2096 6.21567 6.25065 6.26563 0.0227381 0.077 0.0868688 0.112732 0.169414 0.14819 0.180788 0.194499 0.194094 0.230857 0.196163 0.212649 0.163446 0.172894 0.184407 0.187156 0.14164 0.194913 0.121316 
0.0850716 0.0975183 0.0713198 0.056303 0.0598748 0.068565 0.0753123 0.0494163 0.110908 0.149237 0.145065 0.118384 0.120408 0.117202 0.106687 0.0707478 0.0853195 0.107676 0.0830028 0.0368323 6.28152 6.25777 6.23611 6.23363 6.21598 6.2003 6.19649 6.21951 6.24267 6.26381 6.27066 0.0160166 0.0512441 0.087179 0.115225 0.118201 0.128355 0.190872 0.19597 0.166475 0.173461 0.182089 0.17152 0.186239 0.167735 0.16733 0.124873 0.154343 0.14465 0.115579 
0.0542868 0.0256295 0.0194069 0.0290179 0.00102338 6.28113 0.0336458 0.0701995 0.0689362 0.104738 0.110288 0.0807011 0.084761 0.127536 0.100306 0.101974 0.131549 0.128647 0.0931558 0.0566048 0.0228751 6.27281 6.27706 6.25944 6.27292 6.25291 6.24989 6.25916 6.27715 6.27299 6.26927 0.0127087 0.0535913 0.0948348 0.0904008 0.145052 0.148584 0.188167 0.163667 0.199703 0.159135 0.149235 0.136143 0.160528 0.138521 0.121714 0.125439 0.12018 0.131181 0.081918 
0.0148564 6.27092 6.25904 6.25173 6.25494 6.25202 0.00120476 0.0242466 0.040203 0.0570654 0.0645144 0.0727623 0.0785238 0.1149 0.0989068 0.101286 0.0686638 0.0659481 0.0875521 0.0706901 0.0500862 0.0277358 0.0156859 0.00768967 0.00265716 6.27982 0.00823469 0.0138642 0.0193096 0.0135085 0.0169513 0.0300453 0.0571414 0.0950814 0.122339 0.1528 0.146382 0.143061 0.176443 0.160503 0.212435 0.119133 0.11663 0.145076 0.14569 0.139877 0.10093 0.149569 0.158084 0.0806637 
6.27344 6.24906 6.2244 6.22793 6.22918 6.22897 6.24461 6.26491 0.000364467 0.0290892 0.063822 0.074443 0.0947518 0.118417 0.0912235 0.0980187 0.083764 0.0822722 0.0962179 0.10104 0.0623307 0.0633095 0.045949 0.0447403 0.0513387 0.0412342 0.0603645 0.0717769 0.0522274 0.0491154 0.0596882 0.0646651 0.0722758 0.0828906 0.0854012 0.118903 0.1375 0.160188 0.164013 0.161791 0.193702 0.137775 0.134067 0.168418 0.0914904 0.154156 0.141373 0.135108 0.0918362 0.0343529 
6.22839 6.21339 6.17791 6.15138 6.18741 6.19438 6.22306 6.20384 6.24014 6.25954 0.00917718 0.0529046 0.0813372 0.10424 0.0957384 0.0993469 0.123252 0.11256 0.0712887 0.0888837 0.070054 0.0829704 0.0578637 0.0940482 0.0838082 0.0803109 0.0821409 0.0724015 0.069363 0.0984718 0.0970841 0.0984335 0.0807122 0.106999 0.132624 0.146213 0.165991 0.168441 0.218665 0.187932 0.166898 0.175238 0.155282 0.181757 0.157217 0.116216 0.112122 0.104672 0.0455446 6.27783 
6.22027 6.18701 6.17168 6.15899 6.14006 6.164 6.18339 6.1695 6.21536 6.2294 6.26798 0.0393661 0.0360579 0.0793963 0.0966886 0.101805 0.128284 0.162647 0.110795 0.120028 0.108599 0.118445 0.0996674 0.0889646 0.0966981 0.107513 0.116732 0.0977626 0.0923991 0.112536 0.0878893 0.0940031 0.093089 0.120062 0.126965 0.136547 0.168896 0.155535 0.188767 0.14554 0.177969 0.15689 0.181514 0.167017 0.101348 0.111599 0.0823777 0.0449881 6.28269 6.24329 
6.18658 6.13033 6.15366 6.13266 6.13098 6.12418 6.13099 6.13147 6.16085 6.18824 6.23794 0.0148514 0.0460961 0.0562418 0.0792654 0.0926487 0.124196 0.160708 0.119823 0.145517 0.124624 0.149906 0.108744 0.109117 0.0996369 0.0978991 0.123666 0.127256 0.136641 0.122966 0.123186 0.0856239 0.107027 0.127004 0.143338 0.150749 0.149246 0.134143 0.125294 0.134091 0.176792 0.178651 0.190144 0.155064 0.126334 0.110084 0.0564932 0.0109417 6.25342 6.22102 
6.14375 6.0893 6.1299 6.13955 6.13109 6.10166 6.1274 6.13036 6.17628 6.15389 6.19889 6.25811 0.00943599 0.0665205 0.0617664 0.0981339 0.122159 0.180718 0.149023 0.100172 0.118392 0.140301 0.101994 0.123633 0.148025 0.143429 0.15632 0.136842 0.134314 0.157419 0.133206 0.133908 0.130545 0.162035 0.145623 0.163527 0.189688 0.140865 0.176476 0.191569 0.163104 0.181041 0.164498 0.102038 0.086079 0.0752063 0.0472005 6.27017 6.22797 6.19458 
6.11304 6.07999 6.09366 6.13432 6.13259 6.1267 6.10206 6.14083 6.15809 6.15965 6.18574 6.23602 6.2803 0.0431553 0.080898 0.114779 0.144948 0.158965 0.185574 0.138307 0.134177 0.154661 0.1304 0.14088 0.188027 0.147853 0.114539 0.154235 0.211687 0.184171 0.169748 0.136446 0.156618 0.140607 0.166349 0.174382 0.167809 0.168497 0.187322 0.14917 0.173106 0.147641 0.130466 0.0965742 0.0937543 0.0749994 0.0157229 6.24165 6.19911 6.17806 
6.07881 6.08713 6.0849 6.08595 6.11724 6.12559 6.11004 6.13776 6.17882 6.16368 6.19313 6.19393 6.251 0.0262404 0.0928178 0.13228 0.164983 0.149475 0.167304 0.185252 0.180326 0.200679 0.152923 0.148821 0.166462 0.20533 0.151399 0.128576 0.165245 0.168922 0.163432 0.182144 0.1546 0.155629 0.137097 0.16433 0.182217 0.217235 0.172159 0.176383 0.207905 0.159859 0.118646 0.0729516 0.0768302 0.0263791 6.2762 6.2231 6.1743 6.13466 
6.10734 6.07517 6.06334 6.10841 6.0936 6.1289 6.09159 6.07241 6.14402 6.17051 6.17828 6.22989 0.00332417 0.0340087 0.0753661 0.154061 0.133924 0.163607 0.141475 0.152892 0.129877 0.127821 0.138895 0.204281 0.19193 0.206924 0.12954 0.149088 0.147643 0.143086 0.155958 0.168169 0.158221 0.204542 0.206215 0.221402 0.145676 0.220066 0.18453 0.162938 0.149963 0.125956 0.114676 0.0947137 0.0710738 0.0294158 6.26289 6.20321 6.17236 6.12019 
6.06772 6.07908 6.04579 6.10183 6.06662 6.11696 6.11711 6.11762 6.14521 6.14564 6.1549 6.22573 6.26137 0.00709449 0.0658419 0.107326 0.118157 0.136799 0.135356 0.164456 0.207787 0.214541 0.180995 0.181249 0.213748 0.195029 0.178223 0.177422 0.140826 0.130844 0.17891 0.160739 0.133419 0.162137 0.153106 0.174027 0.216162 0.227775 0.233687 0.183955 0.186137 0.153583 0.114902 0.114703 0.0686475 0.0100187 6.24135 6.19649 6.14673 6.07702 
6.13516 6.1171 6.11098 6.0943 6.06619 6.09514 6.13214 6.12221 6.18079 6.14879 6.15181 6.21469 6.20348 6.27243 0.0442106 0.0907221 0.117087 0.133997 0.142352 0.185926 0.180882 0.175011 0.167296 0.168422 0.198374 0.165963 0.179819 0.20069 0.157798 0.13475 0.183759 0.179842 0.207769 0.178068 0.19328 0.144119 0.208855 0.228155 0.242152 0.204056 0.156572 0.133171 0.0775444 0.0552599 0.055282 6.27209 6.2196 6.17821 6.13885 6.13918 
6.12038 6.10823 6.09336 6.10764 6.11148 6.11809 6.12946 6.13723 6.16628 6.16855 6.1909 6.21024 6.2211 6.25419 0.0152068 0.0873332 0.111828 0.0991176 0.113495 0.145714 0.150064 0.147976 0.172759 0.198667 0.175972 0.180225 0.217614 0.208451 0.190591 0.185731 0.202637 0.177873 0.178681 0.185876 0.189971 0.182402 0.258007 0.21379 0.208001 0.151763 0.126555 0.100043 0.100741 0.0514087 0.0361479 6.25382 6.17489 6.1501 6.06899 6.1032 
6.08461 6.10671 6.06097 6.10406 6.08239 6.11847 6.11771 6.148 6.14375 6.15858 6.15026 6.16831 6.21702 6.24037 6.28213 0.0307655 0.107298 0.0837037 0.114473 0.131348 0.128742 0.158805 0.145956 0.21913 0.198428 0.155706 0.172805 0.183963 0.186458 0.211811 0.185388 0.191894 0.224387 0.18352 0.209398 0.207689 0.205266 0.147794 0.157634 0.1502 0.132921 0.127534 0.115568 0.0473591 6.26658 6.22111 6.17264 6.11463 6.08297 6.06927 
6.10759 6.11504 6.09594 6.05375 6.04606 6.09323 6.14817 6.13006 6.14321 6.15851 6.14167 6.17727 6.2124 6.24934 6.27054 0.0206084 0.0577358 0.0572767 0.0888677 0.104839 0.127175 0.15007 0.146362 0.171394 0.195799 0.217492 0.205102 0.238602 0.229813 0.213621 0.163732 0.161411 0.190307 0.187998 0.189262 0.174402 0.163437 0.132594 0.141039 0.108451 0.104727 0.0854081 0.0573358 0.020888 6.2354 6.20869 6.14306 6.11876 6.09679 6.09772 
6.08349 6.09226 6.08073 6.05802 6.06567 6.08214 6.12785 6.12809 6.12898 6.15796 6.15973 6.154 6.19682 6.21007 6.25146 0.0166555 0.0599766 0.0616162 0.104692 0.117018 0.143022 0.177506 0.161669 0.13016 0.121831 0.152719 0.183864 0.245033 0.186202 0.167489 0.139701 0.181118 0.195683 0.187965 0.161367 0.156985 0.20436 0.12736 0.139482 0.102268 0.108732 0.0810562 0.0242617 6.25521 6.23912 6.19762 6.12537 6.12049 6.12133 6.08724 
6.09897 6.08038 6.0823 6.0814 6.04285 6.07134 6.07622 6.09336 6.1276 6.10208 6.15613 6.17261 6.19038 6.22358 6.24069 0.00169108 0.0403882 0.0535572 0.0702385 0.10708 0.115319 0.0937245 0.081612 0.165244 0.133522 0.130872 0.155941 0.198304 0.185303 0.147994 0.160221 0.197402 0.186049 0.173061 0.166233 0.184638 0.161681 0.140822 0.142434 0.0978426 0.0839276 0.0397804 6.28142 6.23612 6.20676 6.20009 6.13049 6.10953 6.13435 6.10121 
6.08789 6.09793 6.11678 6.10897 6.09156 6.06661 6.09366 6.07994 6.14955 6.13421 6.16391 6.16331 6.19202 6.22472 6.26889 0.0177838 0.0395342 0.0585616 0.0822254 0.114265 0.105048 0.144628 0.15773 0.166018 0.147177 0.11563 0.124195 0.101044 0.155439 0.181167 0.161382 0.142378 0.166404 0.145527 0.143723 0.146784 0.139146 0.113981 0.107386 0.10087 0.0514842 0.00994059 6.23721 6.20856 6.17666 6.16327 6.11259 6.08442 6.13412 6.10477 
6.15381 6.09769 6.08946 6.0952 6.07452 6.13689 6.10441 6.10628 6.16247 6.15438 6.15259 6.18164 6.22135 6.25528 0.0162279 0.0316394 0.0547675 0.0664416 0.0799466 0.115634 0.125357 0.149503 0.165282 0.172341 0.173859 0.19675 0.132924 0.117304 0.149853 0.168201 0.152681 0.145814 0.163065 0.126759 0.120907 0.127934 0.0762727 0.10628 0.0542326 0.0703586 0.0333303 6.27278 6.22603 6.21631 6.16882 6.1508 6.1151 6.14374 6.13226 6.12304 
6.12819 6.08835 6.16176 6.10244 6.05722 6.07643 6.09347 6.11511 6.13673 6.16663 6.18398 6.21739 6.24307 0.00452294 0.0198935 0.0474539 0.0735391 0.0733621 0.0886587 0.112874 0.131641 0.130725 0.139588 0.166296 0.212221 0.17331 0.177764 0.161582 0.151301 0.149913 0.155278 0.12218 0.120884 0.102755 0.145853 0.092254 0.0948226 0.0589362 0.0439731 0.0220629 6.2703 6.27689 6.22673 6.18133 6.15359 6.14959 6.14021 6.1186 6.1041 6.08763 
6.10626 6.1132 6.15651 6.07519 6.09212 6.08582 6.10516 6.16886 6.17822 6.20073 6.19193 6.23562 6.2611 0.0168485 0.0400531 0.0706093 0.107888 0.0970811 0.125145 0.105835 0.132594 0.186693 0.161955 0.165445 0.144656 0.159853 0.198957 0.193288 0.162171 0.141159 0.156816 0.103019 0.113421 0.113829 0.142748 0.114556 0.0950027 0.0668248 0.0227861 6.26583 6.26328 6.2452 6.20508 6.19445 6.14809 6.09501 6.07479 6.09939 6.12183 6.06617 
6.10935 6.1207 6.14677 6.10277 6.07821 6.06749 6.15096 6.12632 6.14562 6.19464 6.19195 6.24754 0.00370708 0.0431914 0.0765888 0.0893147 0.125069 0.123724 0.154572 0.170932 0.155666 0.182669 0.19562 0.171664 0.186145 0.170734 0.179413 0.206194 0.189254 0.154175 0.117562 0.116519 0.136768 0.111306 0.0956526 0.0895853 0.0497633 0.0291096 6.26148 6.23553 6.22152 6.20567 6.17822 6.15178 6.13838 6.11215 6.12827 6.14925 6.13021 6.12198 
6.09055 6.11221 6.16815 6.1136 6.06356 6.12068 6.15123 6.17026 6.12968 6.18504 6.21976 6.26009 0.0250683 0.0522863 0.0803743 0.117163 0.161146 0.156423 0.163496 0.167962 0.1533 0.150796 0.146706 0.173282 0.204905 0.179552 0.18999 0.205924 0.173069 0.19494 0.145756 0.118518 0.109378 0.103071 0.0549534 0.0549604 0.0141017 6.26739 6.25751 6.24363 6.1837 6.18058 6.14651 6.11838 6.14231 6.15373 6.1397 6.12866 6.14845 6.15351 
6.15552 6.12282 6.18024 6.12755 6.12345 6.15486 6.18714 6.19689 6.18439 6.22137 6.24858 6.27622 0.0412419 0.0903838 0.126885 0.135129 0.158175 0.169541 0.143074 0.159712 0.139904 0.155756 0.178955 0.205796 0.187435 0.204964 0.1697 0.193729 0.212261 0.161375 0.139791 0.0983579 0.109324 0.0733421 0.041368 0.0348488 6.27804 6.24858 6.2262 6.23083 6.18926 6.14993 6.15844 6.11875 6.1521 6.18356 6.18357 6.14998 6.16618 6.12291 
6.18403 6.15888 6.18161 6.16166 6.13388 6.1707 6.22369 6.19807 6.21849 6.23748 6.2574 0.0116241 0.059921 0.112222 0.129703 0.130609 0.150666 0.163178 0.182671 0.167972 0.159997 0.153101 0.176364 0.216978 0.172806 0.160807 0.153734 0.177854 0.157049 0.141317 0.117561 0.0737959 0.0554503 0.0403425 6.27727 6.26021 6.23404 6.20717 6.19816 6.19203 6.14168 6.1157 6.13123 6.11527 6.12013 6.14668 6.19904 6.16918 6.18345 6.18532 
6.21242 6.21998 6.19827 6.19773 6.17772 6.21976 6.21482 6.25242 6.23817 6.24946 0.0144015 0.0492686 0.0780763 0.152882 0.132111 0.137442 0.126827 0.130536 0.170082 0.161422 0.183718 0.1309 0.144059 0.189222 0.179857 0.158299 0.132025 0.138435 0.132831 0.153114 0.0963327 0.0584626 0.0278668 6.27418 6.22419 6.21092 6.1847 6.1869 6.17047 6.16156 6.13458 6.12737 6.14202 6.1356 6.1659 6.18786 6.18816 6.17621 6.20718 6.22437 
6.25118 6.25167 6.24858 6.22127 6.23461 6.23945 6.23643 6.25124 0.0037946 0.0190825 0.0604566 0.0692331 0.0974504 0.0953085 0.15146 0.133132 0.150647 0.156027 0.135687 0.171199 0.19654 0.170753 0.13907 0.17952 0.175025 0.140756 0.104387 0.0876413 0.120113 0.0637843 0.0251931 0.029203 6.25449 6.23159 6.22611 6.17141 6.1661 6.1439 6.15601 6.13212 6.15888 6.11236 6.1248 6.15668 6.17499 6.19962 6.21822 6.22239 6.24455 6.24201 
0.0200137 0.0290387 0.0424634 0.00926449 0.00128823 6.27908 0.0136856 0.023501 0.0487079 0.0703886 0.10721 0.113479 0.114074 0.134394 0.148914 0.135194 0.110505 0.157277 0.155321 0.170463 0.186487 0.211361 0.156766 0.143929 0.14849 0.152034 0.117204 0.0853002 0.0780837 0.0494114 0.0104922 6.27042 6.24163 6.17631 6.17592 6.16443 6.16864 6.11822 6.14535 6.12692 6.12128 6.16249 6.18851 6.17358 6.1922 6.21585 6.24396 6.26984 0.00103843 0.017787 
0.0642117 0.0580287 0.0726735 0.0549346 0.046195 0.0643518 0.0752494 0.0708303 0.102688 0.0959026 0.115306 0.156101 0.184476 0.141342 0.1618 0.160521 0.117457 0.161951 0.156091 0.153127 0.156991 0.170343 0.209897 0.173282 0.137346 0.121043 0.0884142 0.0625622 0.0612368 0.00244114 6.25618 6.24632 6.22126 6.1703 6.14487 6.12969 6.14537 6.13523 6.16248 6.13968 6.11044 6.16014 6.13446 6.13995 6.20486 6.24604 0.000514636 0.0314087 0.0454964 0.0538348 
0.0821093 0.097802 0.133592 0.0766542 0.102608 0.121908 0.0920242 0.107258 0.123239 0.168513 0.141495 0.190709 0.18356 0.170145 0.131146 0.135977 0.159916 0.168051 0.183357 0.136928 0.119515 0.15275 0.18249 0.131762 0.102315 0.144818 0.0704317 0.0282878 0.00191269 6.26583 6.2335 6.21682 6.21071 6.15774 6.12794 6.1018 6.13571 6.14413 6.13531 6.13603 6.14416 6.15429 6.14525 6.17832 6.20946 6.26735 0.0400906 0.0650587 0.0646181 0.0941838 
0.0792391 0.108019 0.103998 0.121338 0.105814 0.134783 0.107388 0.121107 0.135674 0.163392 0.175376 0.179388 0.187028 0.201864 0.152072 0.156055 0.187146 0.23768 0.191038 0.18192 0.176889 0.180899 0.174673 0.165448 0.121068 0.100892 0.0544456 0.0013148 6.2747 6.24129 6.22215 6.18816 6.1873 6.22043 6.21529 6.13965 6.16255 6.14789 6.11961 6.13157 6.14417 6.14232 6.16922 6.18749 6.23003 6.27553 0.0508326 0.0657078 0.0872376 0.089423 
0.094113 0.102577 0.121178 0.111787 0.115743 0.172093 0.145236 0.163914 0.191739 0.162474 0.186902 0.220119 0.200424 0.19054 0.193443 0.171173 0.175458 0.207215 0.196541 0.176126 0.170834 0.137866 0.178564 0.13706 0.10567 0.0684343 0.0411447 6.27248 6.24483 6.23749 6.19715 6.19272 6.20338 6.18233 6.15258 6.13349 6.16024 6.15455 6.13796 6.15603 6.1994 6.20186 6.20387 6.18085 6.24674 0.0181895 0.075829 0.0708635 0.0968772 0.0928031 
0.100433 0.111334 0.0690813 0.107009 0.117418 0.149884 0.114168 0.172024 0.168322 0.205487 0.186904 0.186229 0.194044 0.150056 0.214532 0.214321 0.189935 0.167658 0.190643 0.200606 0.191873 0.155301 0.11305 0.126009 0.0951794 0.0616984 0.0202947 6.26375 6.24731 6.22084 6.17175 6.16262 6.1726 6.17918 6.13943 6.16423 6.1605 6.15579 6.14465 6.12889 6.13352 6.18629 6.17938 6.21129 6.26392 0.0282305 0.0630442 0.0667037 0.0867621 0.0921026 
0.0974953 0.113139 0.115066 0.118166 0.0926723 0.118617 0.122633 0.136676 0.159353 0.170354 0.17914 0.199078 0.199674 0.163052 0.191118 0.191674 0.190867 0.208916 0.181899 0.184545 0.206726 0.134866 0.0981469 0.111888 0.0794811 0.051598 0.0126276 6.26274 6.21437 6.20409 6.18298 6.15545 6.11763 6.14634 6.13968 6.16435 6.11724 6.12618 6.1384 6.13922 6.10244 6.16367 6.20081 6.23541 6.27818 0.0471789 0.0663089 0.0863077 0.0860862 0.0964221 
0.131263 0.0960133 0.113826 0.128627 0.105598 0.106364 0.12804 0.135128 0.173313 0.172048 0.173937 0.162279 0.184584 0.215549 0.207535 0.173541 0.156619 0.169843 0.192429 0.148573 0.173976 0.160592 0.121542 0.118581 0.101879 0.0592688 0.00296354 6.23646 6.20974 6.19359 6.2008 6.16008 6.1754 6.13344 6.11249 6.13831 6.13971 6.14362 6.1544 6.15326 6.11208 6.16496 6.20344 6.23403 6.28298 0.0436441 0.0729101 0.101148 0.0937175 0.0857146 
0.110406 0.112317 0.116047 0.084575 0.0867555 0.126132 0.157932 0.155257 0.135578 0.126941 0.187155 0.149628 0.179872 0.20533 0.20794 0.162437 0.147248 0.156306 0.172791 0.154881 0.146428 0.161393 0.148247 0.111453 0.0937753 0.0593644 0.00722612 6.25354 6.21502 6.18676 6.21819 6.18173 6.14517 6.09869 6.08607 6.13672 6.10176 6.11494 6.1588 6.15268 6.17572 6.1963 6.22113 6.25835 0.0267892 0.0729831 0.0841329 0.103301 0.0945127 0.0807379 
0.0994316 0.116537 0.1152 0.130883 0.123715 0.114943 0.164051 0.162477 0.15383 0.1627 0.187267 0.188201 0.151346 0.200664 0.165131 0.1918 0.186676 0.197609 0.186096 0.173162 0.162019 0.172523 0.173711 0.123858 0.133521 0.0602186 0.0250102 6.25748 6.22655 6.20296 6.19966 6.16943 6.13216 6.08299 6.13618 6.14518 6.16653 6.16766 6.18322 6.16838 6.19424 6.20605 6.23683 0.00824568 0.0478376 0.0898726 0.0929151 0.083759 0.122945 0.0987203 
0.112952 0.103784 0.13514 0.13328 0.12811 0.143136 0.153837 0.182904 0.180344 0.183101 0.18341 0.199744 0.14612 0.180403 0.198904 0.177553 0.18108 0.192438 0.204507 0.224084 0.20807 0.144356 0.163218 0.117088 0.109096 0.0759159 0.0359399 6.27444 6.2451 6.23453 6.23348 6.21635 6.20867 6.13856 6.18127 6.1844 6.18899 6.17756 6.17168 6.16386 6.20742 6.23746 6.26301 0.0438117 0.0665718 0.126782 0.117727 0.121185 0.125205 0.133406 
0.132191 0.0982856 0.12645 0.106935 0.103998 0.137174 0.13345 0.158038 0.169826 0.223801 0.231672 0.21704 0.150796 0.202631 0.248597 0.235774 0.239538 0.229102 0.214859 0.208817 0.157725 0.15434 0.136678 0.113015 0.103325 0.101658 0.0519443 0.0168326 6.26502 6.24491 6.23855 6.21197 6.19904 6.20423 6.19741 6.1518 6.15877 6.18876 6.19635 6.19423 6.21534 6.25866 0.0198814 0.0689943 0.0563889 0.110669 0.138193 0.131232 0.148119 0.129052 
0.146755 0.166049 0.121526 0.103448 0.111889 0.13515 0.153931 0.163565 0.154703 0.196786 0.221206 0.266399 0.18405 0.183264 0.212912 0.20372 0.203295 0.201462 0.173733 0.142929 0.146924 0.114959 0.160367 0.123918 0.109497 0.0949211 0.0556001 0.0225998 6.27166 6.25648 6.2584 6.24502 6.24705 6.21612 6.20353 6.17559 6.17805 6.22012 6.22147 6.24403 6.27433 0.0253051 0.0752783 0.0936371 0.106282 0.0938022 0.117851 0.127964 0.167387 0.137587 
