0.507072 0.349386 0.220191 0.219708 0.234053 0.239301 0.361521 0.530276 0.659163 0.79619 0.902664 0.993495 1.05538 1.11367 1.16458 1.24498 1.32159 1.3888 1.47848 1.56865 1.63271 1.51898 1.50975 1.3283 1.18429 1.03987 0.971156 0.902602 0.743593 0.677693 0.587453 0.428924 0.267206 0.0935051 6.1959 6.04819 5.87558 5.75724 5.76745 5.82825 6.01557 6.2085 0.236567 0.57289 0.765406 0.921372 1.01661 0.943662 0.855362 0.683776 
0.788055 0.659786 0.553113 0.50979 0.483421 0.533696 0.575882 0.722568 0.835048 0.941136 1.03557 1.09688 1.13987 1.18975 1.22024 1.31064 1.40106 1.48475 1.62313 1.78397 1.94142 2.02819 1.76607 0.922781 0.809366 0.83494 0.899142 0.962905 1.02619 1.11192 1.01107 0.815114 0.686952 0.505656 0.27659 0.0790261 6.17546 6.0328 5.98409 6.02281 6.23273 0.106593 0.430034 0.716762 0.927525 1.07006 1.17534 1.07708 0.957591 0.846646 
0.970733 0.953395 0.824798 0.784171 0.779819 0.782313 0.834738 0.921495 1.00242 1.09034 1.17621 1.1928 1.25182 1.29052 1.32835 1.41862 1.48223 1.67993 1.89453 2.18043 2.55446 2.95565 3.64007 5.43179 6.05076 0.0550634 0.436508 0.779798 1.28995 1.44406 1.40618 1.13795 0.953391 0.805642 0.61084 0.364853 0.166693 0.0121625 6.24511 6.2716 0.111335 0.338663 0.617146 0.840213 1.00042 1.07839 1.11655 1.13503 1.13383 1.06408 
1.13914 1.1287 1.04569 1.0226 1.01644 1.01563 1.05113 1.09961 1.16231 1.24313 1.2551 1.31585 1.34063 1.28823 1.40356 1.49939 1.62591 1.93265 2.28462 2.65266 3.13906 3.62294 4.22827 4.93204 5.40033 5.72747 6.0929 0.347286 1.44015 1.75952 1.47524 1.13867 1.03249 0.931167 0.73396 0.552935 0.39914 0.274243 0.187031 0.250567 0.367514 0.578638 0.832403 0.998813 1.14344 1.17355 1.21711 1.15723 1.22299 1.19635 
1.18335 1.18854 1.19828 1.18494 1.18328 1.22715 1.264 1.29705 1.35202 1.30267 1.34324 1.36408 1.37233 1.29215 1.34091 1.44356 1.74196 2.23389 2.81974 3.27602 3.7116 4.08573 4.43317 4.80649 4.98896 5.25582 5.31571 5.02378 3.57437 2.58545 1.47566 1.12929 0.967299 0.911062 0.7916 0.705283 0.581387 0.494668 0.463756 0.521924 0.63573 0.798108 0.956039 1.10851 1.18902 1.26139 1.28447 1.26263 1.22321 1.23204 
1.11942 1.19949 1.20791 1.21091 1.178 1.25079 1.411 1.52418 1.47359 1.45954 1.41913 1.38016 1.38017 1.29473 1.32964 1.44238 1.74404 2.74925 3.42875 3.84709 4.15952 4.3791 4.56121 4.75574 4.89768 4.90408 4.87957 4.82667 4.1519 4.81228 0.675262 1.08122 0.807356 0.736243 0.733491 0.795832 0.712969 0.670363 0.661286 0.719999 0.855775 1.00331 1.09164 1.19511 1.24815 1.28073 1.3193 1.34467 1.24782 1.17361 
1.13998 1.12271 1.15038 1.21379 1.27581 1.31999 1.43337 1.61031 1.69854 1.63709 1.49517 1.46409 1.38961 1.30332 1.22271 1.24788 1.39454 3.7599 4.12409 4.33026 4.48085 4.60561 4.63806 4.61878 4.77743 4.81068 4.80663 4.72523 4.77138 4.90399 5.94753 0.161657 0.2721 0.500577 0.684625 0.74291 0.769874 0.795022 0.831854 0.904235 1.00888 1.0586 1.20965 1.31092 1.35238 1.33978 1.39675 1.37519 1.30958 1.19046 
1.05204 0.967893 0.922218 0.83338 1.04897 1.24095 1.48004 1.85019 1.90763 1.80198 1.64062 1.47692 1.38063 1.19578 0.992961 0.764657 0.289378 5.24746 4.85655 4.75133 4.68823 4.71419 4.68972 4.61275 4.64811 4.72033 4.69846 4.82989 4.88525 5.11402 5.37076 6.03808 0.0528456 0.274467 0.5243 0.694436 0.837308 0.896097 0.966093 1.01011 1.13553 1.18371 1.28842 1.36819 1.42626 1.4827 1.44257 1.30607 1.13398 1.10592 
0.713133 0.655316 0.62693 0.573642 0.608255 0.851947 1.76169 2.221 2.25788 2.06261 1.78701 1.52816 1.3322 1.11819 0.801883 0.513918 6.2786 5.55218 5.18532 4.97259 4.8397 4.79638 4.76536 4.5657 4.48885 4.5338 4.7122 4.9776 5.02373 5.24475 5.62953 5.97336 6.14728 0.0824962 0.403598 0.652986 0.840833 0.926461 1.05198 1.09381 1.19933 1.21642 1.3612 1.45866 1.54323 1.55622 1.40168 1.25307 1.09041 0.815748 
0.216559 0.214816 0.189877 0.0605719 6.10181 5.62882 4.27454 3.36012 2.8422 2.40299 2.04906 1.74887 1.44183 1.15167 0.82363 0.453698 6.21634 5.76811 5.45067 5.2098 5.04591 4.88577 4.74669 4.39751 4.16852 4.07514 4.54912 5.30898 5.517 5.65255 5.70497 5.83963 6.13993 0.0425967 0.293884 0.583115 0.741614 0.938239 1.02791 1.1343 1.23624 1.33735 1.47375 1.52936 1.66617 1.65396 1.62652 1.31949 0.74848 0.348284 
5.92467 5.96661 6.03414 5.94206 5.82468 5.28917 4.59169 4.02006 3.43669 2.81202 2.27077 1.8731 1.51217 1.21261 0.888331 0.512475 0.11211 5.96174 5.63793 5.38554 5.23871 5.03973 4.82474 4.30202 3.63306 2.99414 1.87122 0.604711 0.247271 6.19893 5.99604 5.92394 6.06561 6.24084 0.189349 0.446324 0.698572 0.84395 1.00004 1.13962 1.29669 1.36637 1.44416 1.50478 1.70926 1.87506 1.79695 1.51765 0.361019 6.06672 
5.27481 5.56943 5.72451 5.65663 5.51104 5.19738 4.80412 4.41353 3.93571 3.22837 2.53723 2.01157 1.60686 1.29685 0.997956 0.689593 0.329222 6.21629 5.99092 5.7821 5.61564 5.46377 5.20153 4.59227 2.89322 2.25558 1.70072 1.04068 0.659164 0.188518 6.19945 6.02003 6.06126 6.17822 0.0596464 0.286336 0.515103 0.716511 0.898729 1.06782 1.2215 1.34704 1.4142 1.51299 1.71688 1.90616 2.10555 2.51649 4.89735 5.00635 
4.93681 5.28477 5.44677 5.47826 5.46967 5.23592 4.90548 4.57292 4.14284 3.56974 2.84955 2.19285 1.76396 1.37892 1.10883 0.830273 0.541271 0.206633 6.27954 6.11989 6.09204 6.16878 0.220938 0.963916 1.64952 1.63272 1.38765 1.1469 0.793237 0.316859 0.00394704 6.07974 6.06256 6.07067 6.21917 0.104435 0.319815 0.568115 0.769037 0.968717 1.12946 1.32666 1.42514 1.54459 1.75903 2.10708 2.57288 3.30091 4.20512 4.74967 
4.85537 5.16317 5.36868 5.39064 5.36506 5.28845 4.97167 4.69926 4.26812 3.75897 3.04658 2.37474 1.87619 1.53656 1.22865 0.977513 0.75899 0.488983 0.33012 0.232842 0.223071 0.317951 0.654239 1.06756 1.27181 1.30743 1.27877 1.08282 0.766304 0.369979 0.0201383 6.13506 6.03778 5.9471 6.1207 6.21802 0.199017 0.427851 0.609438 0.84466 1.03895 1.2426 1.40494 1.59224 1.80359 2.19521 2.72283 3.38847 4.26947 4.60213 
4.72665 5.02681 5.23276 5.2812 5.28479 5.13913 5.00659 4.68473 4.3876 3.91223 3.27394 2.588 2.00424 1.62981 1.35918 1.14414 0.968069 0.764405 0.609975 0.53803 0.564773 0.649986 0.847612 1.04437 1.12705 1.12179 1.09727 0.90469 0.679913 0.384352 0.0855759 6.17426 5.9722 5.91141 6.00928 6.20548 0.0750702 0.246153 0.47873 0.710796 0.948874 1.17257 1.39004 1.60564 1.83888 2.22781 2.71667 3.2452 4.02264 4.31101 
4.69555 5.02098 5.2228 5.24943 5.24283 5.15352 5.02705 4.75467 4.49079 4.07343 3.47985 2.7837 2.17197 1.69657 1.4349 1.24008 1.10412 0.957354 0.862187 0.801623 0.798906 0.838654 0.973228 1.05388 1.07045 1.07148 0.974889 0.826522 0.651497 0.40731 0.129131 6.22496 6.03115 5.98881 6.07213 6.21421 0.120897 0.221078 0.442979 0.692808 0.88497 1.12039 1.36067 1.58747 1.9238 2.29204 2.7733 3.35309 3.95969 4.35654 
4.64494 4.93091 5.17529 5.20674 5.26762 5.16646 5.00552 4.84567 4.56776 4.19552 3.65157 2.938 2.31268 1.85607 1.56454 1.38873 1.20751 1.06305 1.01004 0.944855 0.930678 0.958168 0.999712 1.01068 1.03726 0.998896 0.901454 0.789059 0.694834 0.439347 0.247817 6.28315 6.17956 6.01496 6.06271 6.20489 0.0549966 0.248335 0.461525 0.646521 0.859012 1.11134 1.3699 1.6636 1.92464 2.32701 2.91985 3.4741 3.954 4.33292 
4.61373 4.90201 5.09983 5.13552 5.19823 5.11548 4.98718 4.81282 4.60565 4.29448 3.81484 3.10844 2.41564 1.93527 1.60722 1.41018 1.21618 1.13948 1.06332 1.01328 0.997024 1.0376 1.04231 1.03141 1.01387 0.965659 0.888625 0.801265 0.687853 0.52754 0.350751 0.18632 0.0572226 0.0906186 0.0587356 0.125596 0.188576 0.322177 0.507859 0.699689 0.904915 1.15161 1.42071 1.65114 2.03763 2.50389 3.07089 3.57052 4.01358 4.24952 
4.60347 4.80447 4.99123 5.06117 5.10002 5.04656 4.96639 4.84198 4.66197 4.38889 3.95178 3.3263 2.58738 2.01137 1.6698 1.42726 1.25297 1.15209 1.1058 1.07491 1.05764 1.07531 1.05231 1.02301 1.0046 0.947273 0.893813 0.832568 0.737192 0.664651 0.529997 0.458893 0.410856 0.285334 0.288005 0.260432 0.297322 0.466467 0.557489 0.775891 0.979688 1.20651 1.45627 1.72476 2.09979 2.59385 3.21182 3.73516 4.11157 4.41974 
4.71493 4.81224 4.94176 5.01537 5.07526 5.02264 4.94661 4.90686 4.77074 4.50875 4.14111 3.51187 2.78152 2.10472 1.62106 1.35204 1.25205 1.16563 1.09423 1.06402 1.03199 1.07779 1.04643 1.03736 1.00849 0.973961 0.941821 0.907007 0.865343 0.837676 0.744987 0.671884 0.591106 0.529493 0.527623 0.547818 0.515703 0.621624 0.759288 0.89754 1.07819 1.27982 1.51225 1.81321 2.22636 2.78556 3.41891 3.91213 4.17872 4.5677 
4.73083 4.74827 4.97122 5.01628 5.09257 5.07994 5.01084 4.92019 4.85701 4.56895 4.37793 3.81412 3.06287 2.28176 1.51336 1.32132 1.19674 1.1167 1.01264 1.01412 0.997146 0.995429 1.0308 1.00823 0.979158 1.00596 1.013 0.988678 0.978234 0.972336 0.961979 0.942015 0.829049 0.781268 0.761565 0.726474 0.761261 0.819864 0.905437 1.00035 1.17159 1.33181 1.60792 1.99308 2.39634 2.97065 3.59558 4.07665 4.38107 4.64886 
4.69369 4.82561 5.01593 5.03557 5.12847 5.13166 5.13348 5.09918 5.01239 4.77451 4.47148 4.24118 3.70104 2.6076 1.54925 1.19651 1.0484 0.949074 0.917067 0.903817 0.901838 0.944226 0.943612 0.960689 0.928328 0.955267 0.968002 1.02613 1.05811 1.10965 1.11429 1.06675 0.985987 0.926633 0.972152 0.946064 0.946189 0.982823 1.03499 1.13845 1.28752 1.41058 1.6661 2.01118 2.48739 3.12212 3.71184 4.17502 4.43306 4.62743 
4.78737 4.84542 5.02561 5.12977 5.24421 5.27727 5.27981 5.21157 5.09585 4.95951 4.72977 4.73262 4.74611 5.16465 0.314588 0.653633 0.822918 0.808633 0.744402 0.74772 0.781945 0.816716 0.844617 0.862346 0.886481 0.902546 0.944015 1.04181 1.13529 1.12091 1.17243 1.19109 1.16236 1.09379 1.04435 1.06495 1.10299 1.12346 1.16353 1.25912 1.36891 1.48522 1.75833 2.13397 2.68493 3.26376 3.89405 4.29525 4.54114 4.68836 
4.83886 4.88055 5.05125 5.23302 5.41096 5.45304 5.47144 5.37756 5.35234 5.19344 5.02863 5.0182 5.13811 5.3814 6.05163 0.193378 0.456036 0.495156 0.535095 0.521196 0.586992 0.659516 0.69173 0.728266 0.744453 0.815792 0.929829 1.05114 1.19525 1.21023 1.32489 1.27539 1.28148 1.21085 1.20641 1.19919 1.1645 1.14085 1.23988 1.29652 1.40301 1.52359 1.84599 2.31028 2.82465 3.4701 4.0366 4.37426 4.59127 4.73171 
4.91222 4.98751 5.1264 5.31367 5.54511 5.6361 5.61223 5.61537 5.59958 5.45838 5.29545 5.22933 5.27203 5.50072 5.93571 6.2579 0.177762 0.223628 0.310993 0.35681 0.392408 0.48433 0.499279 0.572322 0.694408 0.786341 0.877113 1.03357 1.20001 1.28713 1.2649 1.36157 1.37011 1.30812 1.27207 1.28305 1.27903 1.23545 1.23704 1.31608 1.4214 1.60522 1.93004 2.43334 2.984 3.71927 4.13265 4.52661 4.62393 4.71229 
4.97949 5.03461 5.15677 5.41043 5.63709 5.80746 5.82109 5.92028 5.87164 5.76229 5.60528 5.49996 5.51863 5.70945 5.93541 6.08495 6.25439 0.0447147 0.105335 0.0969738 0.184624 0.286206 0.331964 0.413222 0.564947 0.707806 0.911901 1.06606 1.23385 1.34966 1.3005 1.37845 1.3344 1.20818 1.36365 1.30715 1.22973 1.21315 1.25793 1.34979 1.41716 1.65077 2.1104 2.64577 3.32913 3.91688 4.26142 4.52375 4.73544 4.75772 
4.86814 4.95478 5.19154 5.42998 5.63268 5.84884 5.96025 6.02532 6.12492 6.0471 5.96226 5.87915 5.84875 5.87436 6.05815 6.17899 6.12793 6.15799 6.22918 6.22411 0.0449942 0.167561 0.27373 0.380533 0.58338 0.765714 0.946247 1.12027 1.24089 1.28097 1.34928 1.48001 1.32849 1.36423 1.30571 1.31348 1.23292 1.19369 1.19868 1.22488 1.27427 1.60504 2.31001 3.0339 3.64206 4.20842 4.40616 4.64045 4.77623 4.77158 
4.87864 4.98814 5.16899 5.43244 5.62099 5.87045 6.04116 6.10479 0.00223771 0.00128046 6.27782 6.25779 6.21471 6.20656 6.17053 6.24985 6.18252 6.14515 6.10936 6.16031 6.28241 0.13686 0.243926 0.420927 0.640312 0.78098 0.991438 1.16298 1.22696 1.31791 1.40585 1.37957 1.28604 1.316 1.31715 1.18571 1.1628 1.04442 0.987713 0.990534 1.01647 1.28981 2.76897 3.62668 4.0623 4.46749 4.62822 4.74946 4.87604 4.9012 
4.93366 4.97612 5.11127 5.42272 5.60787 5.85028 6.11752 6.16815 0.0896012 0.179566 0.223613 0.273736 0.178876 0.23332 0.199152 0.103903 6.25629 6.1318 6.06517 6.09761 6.15181 6.27905 0.162351 0.371838 0.636427 0.81291 1.00738 1.18879 1.29607 1.32621 1.42045 1.34397 1.30215 1.29064 1.29391 1.17827 1.04338 0.886754 0.793288 0.631931 0.379163 6.13723 4.8843 4.4533 4.51531 4.58025 4.71225 4.80618 4.92423 4.88545 
5.02173 4.98928 5.20459 5.33959 5.53131 5.78777 5.92948 6.15713 6.27741 0.218071 0.275483 0.377045 0.534822 0.593338 0.531814 0.312734 0.0692956 6.1047 6.01031 6.00132 6.06188 6.23131 0.105295 0.425925 0.671686 0.888128 1.12566 1.28351 1.34965 1.32949 1.33057 1.35651 1.39717 1.26004 1.13634 1.04178 0.930791 0.725696 0.471082 0.185448 6.14737 5.73515 5.16591 4.81979 4.79487 4.72181 4.88613 4.91693 4.95534 4.95197 
4.99816 5.06998 5.10605 5.24326 5.3936 5.6047 5.70255 5.93943 6.14772 0.0378972 0.276482 0.394644 0.822071 0.955163 0.929475 0.605316 0.0201112 5.97081 5.85245 5.8855 5.9338 6.1662 0.19911 0.518262 0.782737 0.994562 1.13689 1.26964 1.27267 1.31342 1.37823 1.32658 1.20915 1.2252 1.03176 0.893247 0.632524 0.439863 0.122491 6.0863 5.76514 5.5037 5.2224 5.05171 4.96908 4.98039 4.94728 4.99948 4.9304 5.00269 
4.89982 4.94501 5.00671 5.08072 5.24815 5.44781 5.53451 5.71886 5.85335 5.94209 6.18103 0.0991724 1.17117 1.46968 1.43737 1.00034 6.00178 5.6528 5.63549 5.86367 6.04094 0.0623615 0.364932 0.634009 0.895064 1.05688 1.20245 1.27187 1.31663 1.25698 1.3437 1.28617 1.24039 1.13222 0.925425 0.715176 0.408277 0.111517 6.04037 5.79138 5.63351 5.33428 5.15275 5.215 5.16007 5.16513 5.16096 5.1484 5.05701 4.99696 
4.98183 4.89323 4.83973 4.94046 5.02392 5.23701 5.36295 5.5121 5.56458 5.58622 5.47263 5.07062 3.61892 2.7173 2.64086 3.09973 4.62589 4.99447 5.27338 5.87474 6.26617 0.284242 0.56606 0.804677 1.01489 1.10915 1.15632 1.25451 1.32921 1.27622 1.19288 1.10953 1.13398 0.97364 0.784446 0.506176 0.175925 6.09243 5.81528 5.53847 5.30064 5.18891 5.10842 5.23469 5.25173 5.37202 5.41289 5.40513 5.2705 5.16052 
5.06477 4.71302 4.66722 4.73465 4.84843 5.03092 5.16684 5.27547 5.32589 5.29037 5.11023 4.71943 3.90464 3.24769 3.08374 3.42625 4.03675 4.42104 5.24189 0.12103 0.37955 0.609352 0.779184 0.941721 1.08904 1.15923 1.10149 1.08326 1.21668 1.16789 1.1334 1.02478 0.897568 0.750378 0.558511 0.276901 6.22315 5.86384 5.59621 5.35164 5.22158 5.15145 5.09623 5.21529 5.43491 5.6174 5.712 5.73755 5.5797 5.2873 
5.47224 4.31971 4.25717 4.46087 4.65174 4.80447 5.06692 5.12742 5.20739 5.15843 4.98885 4.69842 3.85668 3.3272 3.14365 3.09203 3.17692 3.07444 1.65667 1.30151 0.996333 1.00402 1.05061 1.02718 1.13611 1.13376 1.1921 1.1974 1.09348 1.01975 0.917524 0.831885 0.760552 0.466199 0.162595 6.22683 5.92749 5.68006 5.45096 5.24974 5.17256 5.11782 5.1907 5.36373 5.61326 5.83734 6.01197 6.118 6.07312 5.73649 
1.25268 2.94542 3.57615 4.02266 4.30563 4.57365 4.85648 5.08663 5.22104 5.34497 5.33528 5.00152 3.51878 2.95288 2.80954 2.73586 2.73032 2.42785 1.98243 1.69806 1.45 1.31202 1.21512 1.16829 1.26256 1.11887 1.12426 1.00789 0.962994 0.761794 0.687515 0.443879 0.356342 0.106569 6.13403 5.88697 5.648 5.44136 5.27078 5.14766 5.0418 5.1049 5.28773 5.49716 5.77229 6.0485 0.0498837 0.189207 0.430668 0.85543 
1.76365 2.33778 2.87945 3.39672 3.92921 4.33907 4.7727 5.19821 5.48654 5.77401 6.07126 0.320556 1.57795 2.11153 2.3239 2.31866 2.36139 2.09087 1.88742 1.70959 1.53049 1.3244 1.36745 1.28586 1.18255 1.15343 1.00599 0.868434 0.693225 0.482299 0.278257 0.0824112 6.1767 5.95834 5.76147 5.59077 5.42302 5.28413 5.17598 5.07061 5.05018 5.20495 5.34053 5.63837 5.94496 6.28047 0.381772 0.683674 0.934586 1.13648 
1.62062 2.02597 2.44015 2.90576 3.43678 4.02219 4.62265 5.35379 5.80523 6.20943 0.329262 0.808589 1.37039 1.70826 1.86381 1.9601 1.83967 1.91649 1.80272 1.65245 1.45793 1.38848 1.4182 1.33997 1.12068 0.951439 0.792604 0.565973 0.341821 0.065351 6.10152 5.90129 5.75259 5.57724 5.4586 5.33887 5.26692 5.20601 5.09672 5.10119 5.00821 5.23031 5.39817 5.71618 6.16491 0.188283 0.580672 0.841242 1.00432 1.36515 
1.57101 1.86143 2.19142 2.51877 2.93833 3.42319 4.21172 5.8596 0.0818689 0.397693 0.739339 1.07117 1.3425 1.53805 1.6567 1.68545 1.68047 1.73997 1.62575 1.6101 1.43716 1.46678 1.44629 1.24615 1.01509 0.828248 0.630032 0.288706 6.18707 5.92188 5.72281 5.54599 5.41112 5.32031 5.25627 5.20944 5.1617 5.09236 5.04959 5.05332 5.09957 5.3054 5.46672 5.85421 0.00732676 0.324899 0.671764 0.897995 1.06404 1.3165 
1.50319 1.77178 2.10442 2.37016 2.46257 2.36907 1.92678 1.08819 0.898175 0.884195 1.02647 1.19255 1.28385 1.44372 1.50196 1.52296 1.5016 1.48303 1.57441 1.4605 1.39689 1.39693 1.29044 1.10314 0.95131 0.646766 0.362537 6.24265 5.81007 5.5961 5.43656 5.30645 5.24712 5.11376 5.06754 5.10891 5.07607 5.10939 5.11081 5.17209 5.19796 5.32448 5.53684 5.9047 0.117424 0.40559 0.787318 0.877717 1.11389 1.20455 
1.30511 1.67366 2.18496 2.35173 2.31042 2.05315 1.77606 1.36047 1.15594 1.10313 1.09706 1.21367 1.2712 1.38285 1.37386 1.45933 1.51571 1.46032 1.38122 1.43056 1.36549 1.30576 1.28703 1.11481 0.798556 0.412642 0.0601798 5.95217 5.63416 5.49624 5.20025 5.18238 5.16839 5.09874 5.00611 5.00777 5.08921 5.14433 5.19863 5.24019 5.25617 5.40784 5.68587 6.0314 0.174147 0.527053 0.627473 0.820633 0.908929 1.0706 
0.929124 1.42214 2.51087 2.58282 2.4629 2.00713 1.65936 1.48937 1.28181 1.20391 1.23612 1.291 1.27589 1.35101 1.38411 1.34645 1.37946 1.33686 1.28949 1.30594 1.32429 1.25801 1.18447 0.911171 0.637418 0.235414 6.10063 5.76808 5.45695 5.15854 5.05202 5.08343 5.13215 5.10616 5.02343 5.0529 5.10326 5.21738 5.30995 5.35906 5.38624 5.58968 5.79683 6.12335 0.137905 0.402874 0.548954 0.583973 0.576447 0.720958 
5.8706 5.20945 4.09199 3.45637 2.92566 1.88348 1.53787 1.40479 1.29225 1.27649 1.26341 1.26831 1.2924 1.3473 1.32962 1.2586 1.3163 1.34469 1.26218 1.25741 1.38059 1.17857 1.06077 0.787925 0.385988 0.0517219 6.05549 5.51941 5.34574 5.15099 5.06003 5.01303 5.08108 4.98979 4.99762 5.10511 5.18288 5.28755 5.37973 5.47432 5.53318 5.70494 5.89692 6.1844 0.0962712 0.298081 0.33471 0.328045 0.226323 0.0608117 
5.52227 5.01012 4.45354 4.24048 3.92906 1.50185 1.292 1.25625 1.23247 1.24446 1.24453 1.23172 1.27569 1.24059 1.25462 1.21553 1.17569 1.21679 1.21775 1.17217 1.2097 1.18545 1.02217 0.780205 0.264777 6.0939 5.73556 5.38294 5.06733 4.98276 5.00016 5.02879 5.09801 5.0431 5.07167 5.11332 5.22272 5.35263 5.42694 5.51189 5.63168 5.78209 5.97867 6.23188 0.179981 0.246547 0.199113 0.0575464 6.21793 5.92542 
5.51572 5.17123 4.99803 4.94079 5.32397 0.423889 0.790279 0.996471 1.06044 1.12647 1.12129 1.12278 1.14857 1.14414 1.15393 1.1657 1.14929 1.15934 1.15208 1.15475 1.17232 1.09282 0.880008 0.62881 0.0957541 5.9796 5.55775 5.18281 5.05221 5.05346 5.08495 5.08186 5.07407 5.11704 5.11988 5.17584 5.27632 5.39349 5.47228 5.54666 5.67195 5.78513 6.01548 6.18747 0.12186 0.247243 0.167277 6.24987 6.04933 5.80413 
5.62497 5.40818 5.29709 5.366 5.6903 0.048405 0.491158 0.775824 0.902708 0.958253 0.989728 1.00241 1.04208 1.05241 1.07482 1.10055 1.12061 1.13023 1.13362 1.13935 1.12658 1.04015 0.796953 0.56213 0.0518751 5.87334 5.62918 5.28456 5.25401 5.10132 5.00983 5.11922 5.05937 5.089 5.19921 5.23181 5.33001 5.42526 5.45412 5.57086 5.65421 5.79288 5.98861 6.21471 0.131016 0.202395 0.174602 6.28304 6.06763 5.79677 
5.72149 5.57638 5.46045 5.53759 5.90806 6.21196 0.312309 0.558016 0.717186 0.797167 0.887517 0.941384 0.984716 1.01521 1.05076 1.06374 1.11537 1.13216 1.14995 1.15079 1.11179 1.01724 0.833178 0.58015 0.0876319 5.92027 5.57465 5.45946 5.27229 5.03354 5.11778 5.02309 5.15132 5.20068 5.23372 5.30636 5.40995 5.42965 5.46836 5.51798 5.63055 5.74144 5.99322 6.22636 0.191241 0.302137 0.298182 0.126378 6.221 5.95245 
5.95864 5.7296 5.76158 5.73033 5.95826 6.19589 0.196522 0.422961 0.59854 0.720212 0.818647 0.900638 0.94274 1.005 1.0433 1.08543 1.14323 1.17293 1.18989 1.19515 1.17083 1.07883 0.959574 0.689351 0.404268 0.0364774 6.09689 5.74344 5.46926 5.41601 5.26989 5.24402 5.36141 5.34973 5.32396 5.37418 5.41996 5.42228 5.45876 5.46462 5.63118 5.80432 6.0714 0.0892323 0.318035 0.38314 0.451578 0.337434 0.125869 6.14877 
6.22248 6.09197 5.99461 6.00476 6.1352 0.00119385 0.153378 0.343849 0.535272 0.729511 0.788253 0.874583 0.92432 0.993982 1.04144 1.11809 1.1674 1.21953 1.25659 1.32238 1.3052 1.27346 1.1396 1.01799 0.870584 0.572181 0.340583 0.045866 6.05294 5.85963 5.62762 5.71722 5.65111 5.56643 5.56271 5.54536 5.49611 5.45322 5.47321 5.48194 5.64676 5.88892 6.15874 0.196698 0.486637 0.635784 0.642751 0.594621 0.386271 0.105383 
0.1829 0.0480067 6.22689 6.2362 6.22779 0.0514035 0.170767 0.378173 0.507461 0.713022 0.819362 0.908753 0.957767 1.03433 1.09937 1.16791 1.21596 1.2739 1.34641 1.40824 1.46689 1.43475 1.38775 1.17886 1.01322 0.832064 0.742983 0.664549 0.40784 0.234315 0.0924719 6.22656 6.0857 5.97929 5.85326 5.75354 5.68954 5.61863 5.53653 5.63924 5.81037 5.99817 0.0275515 0.377253 0.652333 0.839676 0.810834 0.755952 0.64362 0.403041 
